309
310
311
312
313
314
315
316
301
302
303
304
305
306
307
308
317
318
319
320
321
322
323
324
325
326
327
328
329
341
342
343
344
345
346
347
348
349
350
351
352
373
374
375
376
377
378
379
380
365
366
367
368
209
210
211
212
213
214
215
216
217
218
219
225
226
227
228
229
230
231
232
233
234
235
236
237
238
239
240
265
266
267
268
269
270
220
221
222
223
224
259
260
261
262
263
264
369
370
371
372
201
202
203
204
205
206
207
208
353
354
355
356
357
358
359
360
361
362
363
364
330
331
332
333
334
335
336
337
338
339
340
257
258
241
242
243
244
245
246
247
248
249
250
251
252
253
254
255
256
